itemCode,isNew,isHot,isVisible,starRate,isSpecialOffer,isOfferOnce,isGiftable,ispromo,rebuyInvisible,minimumForcePointLevel,minimumTokenLevel
aaa,0,0,1,100,0,0,1,0,0,0,0
aab,0,0,1,100,0,0,1,0,0,0,0
aac,0,0,1,100,0,0,1,0,0,0,0
aad,0,0,1,100,0,0,1,0,0,0,0
aae,0,0,1,100,0,0,1,0,0,0,0
aaf,0,0,1,100,0,0,1,0,0,0,0
aag,0,0,1,100,0,0,1,0,0,0,0
aah,0,0,1,100,0,0,1,0,0,0,0
aai,0,0,1,100,0,0,1,0,0,0,0
aaj,0,0,1,100,0,0,1,0,0,0,0
aak,0,0,1,100,0,0,1,0,0,0,0
aal,0,0,1,100,0,0,1,0,0,0,0
aam,0,0,1,100,0,0,1,0,0,0,0
aan,0,0,1,100,0,0,1,0,0,0,0
aao,0,0,1,100,0,0,1,0,0,0,0
aap,0,0,1,100,0,0,1,0,0,0,0
aaq,0,0,1,100,0,0,1,0,0,0,0
aar,0,0,1,100,0,0,1,0,0,0,0
aas,0,0,1,100,0,0,1,0,0,0,0
aat,0,0,1,100,0,0,1,0,0,0,0
aau,0,0,1,100,0,0,1,0,0,0,0
aav,0,0,1,100,0,0,1,0,0,0,0
aaw,0,0,1,100,0,0,1,0,0,0,0
aax,0,0,1,100,0,0,1,0,0,0,0
aay,0,0,1,100,0,0,1,0,0,0,0
aaz,0,0,1,100,0,0,1,0,0,0,0
aba,0,0,1,100,0,0,1,0,0,0,0
abb,0,0,1,100,0,0,1,0,0,0,0
abc,0,0,1,100,0,0,1,0,0,0,0
abd,0,0,1,100,0,0,1,0,0,0,0
abe,0,0,1,100,0,0,1,0,0,0,0
abf,0,0,1,100,0,0,1,0,0,0,0
abg,0,0,1,100,0,0,1,0,0,0,0
abh,0,0,1,100,0,0,1,0,0,0,0
abi,0,0,1,100,0,0,1,0,0,0,0
abj,0,0,1,100,0,0,1,0,0,0,0
abk,0,0,1,100,0,0,1,0,0,0,0
abl,0,0,1,100,0,0,1,0,0,0,0
abm,0,0,1,100,0,0,1,0,0,0,0
abn,0,0,1,100,0,0,1,0,0,0,0
abo,0,0,1,100,0,0,1,0,0,0,0
abp,0,0,1,100,0,0,1,0,0,0,0
abq,0,0,1,100,0,0,1,0,0,0,0
abr,0,0,1,100,0,0,1,0,0,0,0
abs,0,0,1,100,0,0,1,0,0,0,0
abt,0,0,1,100,0,0,1,0,0,0,0
abu,0,0,1,100,0,0,1,0,0,0,0
abv,0,0,1,100,0,0,1,0,0,0,0
abw,0,0,1,100,0,0,1,0,0,0,0
abx,0,0,1,100,0,0,1,0,0,0,0
aby,0,0,1,100,0,0,1,0,0,0,0
abz,0,0,1,100,0,0,1,0,0,0,0
aca,0,0,1,100,0,0,1,0,0,0,0
acb,0,0,1,100,0,0,1,0,0,0,0
acc,0,0,1,100,0,0,1,0,0,0,0
acd,0,0,1,100,0,0,1,0,0,0,0
ace,0,0,1,100,0,0,1,0,0,0,0
acf,0,0,1,100,0,0,1,0,0,0,0
acg,0,0,1,100,0,0,1,0,0,0,0
ach,0,0,1,100,0,0,1,0,0,0,0
aci,0,0,1,100,0,0,1,0,0,0,0
acj,0,0,1,100,0,0,1,0,0,0,0
ack,0,0,1,100,0,0,1,0,0,0,0
acl,0,0,1,100,0,0,1,0,0,0,0
acm,0,0,1,100,0,0,1,0,0,0,0
acn,0,0,1,100,0,0,1,0,0,0,0
aco,0,0,1,100,0,0,1,0,0,0,0
acp,0,0,1,100,0,0,1,0,0,0,0
acq,0,0,1,100,0,0,1,0,0,0,0
acr,0,0,1,100,0,0,1,0,0,0,0
acs,0,0,1,100,0,0,1,0,0,0,0
act,0,0,1,100,0,0,1,0,0,0,0
acu,0,0,1,100,0,0,1,0,0,0,0
acv,0,0,1,100,0,0,1,0,0,0,0
acw,0,0,1,100,0,0,1,0,0,0,0
acx,0,0,1,100,0,0,1,0,0,0,0
acy,0,0,1,100,0,0,1,0,0,0,0
acz,0,0,1,100,0,0,1,0,0,0,0
ada,0,0,1,100,0,0,1,0,0,0,0
adb,0,0,1,100,0,0,1,0,0,0,0
adc,0,0,1,100,0,0,1,0,0,0,0
add,0,0,1,100,0,0,1,0,0,0,0
ade,0,0,1,100,0,0,1,0,0,0,0
adf,0,0,1,100,0,0,1,0,0,0,0
adg,0,0,1,100,0,0,1,0,0,0,0
adh,0,0,1,100,0,0,1,0,0,0,0
adi,0,0,1,100,0,0,1,0,0,0,0
adj,0,0,1,100,0,0,1,0,0,0,0
adk,0,0,1,100,0,0,1,0,0,0,0
adl,0,0,1,100,0,0,1,0,0,0,0
adm,0,0,1,100,0,0,1,0,0,0,0
adn,0,0,1,100,0,0,1,0,0,0,0
ado,0,0,1,100,0,0,1,0,0,0,0
adp,0,0,1,100,0,0,1,0,0,0,0
adq,0,0,1,100,0,0,1,0,0,0,0
adr,0,0,1,100,0,0,1,0,0,0,0
ads,0,0,1,100,0,0,1,0,0,0,0
adt,0,0,1,100,0,0,1,0,0,0,0
adu,0,0,1,100,0,0,1,0,0,0,0
adw,0,0,1,100,0,0,1,0,0,0,0
adx,0,0,1,100,0,0,1,0,0,0,0
ady,0,0,1,100,0,0,1,0,0,0,0
adz,0,0,1,100,0,0,1,0,0,0,0
aea,0,0,1,100,0,0,1,0,0,0,0
aeb,0,0,1,100,0,0,1,0,0,0,0
aec,0,0,1,100,0,0,1,0,0,0,0
aed,0,0,1,100,0,0,1,0,0,0,0
aee,0,0,1,100,0,0,1,0,0,0,0
aef,0,0,1,100,0,0,1,0,0,0,0
aeg,0,0,1,100,0,0,1,0,0,0,0
aeh,0,0,1,100,0,0,1,0,0,0,0
aei,0,0,1,100,0,0,1,0,0,0,0
aej,0,0,1,100,0,0,1,0,0,0,0
aek,0,0,1,100,0,0,1,0,0,0,0
ael,0,0,1,100,0,0,1,0,0,0,0
aem,0,0,1,100,0,0,1,0,0,0,0
aen,0,0,1,100,0,0,1,0,0,0,0
aeo,0,0,1,100,0,0,1,0,0,0,0
aep,0,0,1,100,0,0,1,0,0,0,0
aeq,0,0,1,100,0,0,1,0,0,0,0
aer,0,0,1,100,0,0,1,0,0,0,0
aes,0,0,1,100,0,0,1,0,0,0,0
aet,0,0,1,100,0,0,1,0,0,0,0
aeu,0,0,1,100,0,0,1,0,0,0,0
aew,0,0,1,100,0,0,1,0,0,0,0
aex,0,0,1,100,0,0,1,0,0,0,0
aey,0,0,1,100,0,0,1,0,0,0,0
aez,0,0,1,100,0,0,1,0,0,0,0
afa,0,0,1,100,0,0,1,0,0,0,0
aff,0,0,1,100,0,0,1,0,0,0,0
afg,0,0,1,100,0,0,1,0,0,0,0
afh,0,0,1,100,0,0,1,0,0,0,0
afi,0,0,1,100,0,0,1,0,0,0,0
afj,0,0,1,100,0,0,1,0,0,0,0
afk,0,0,1,100,0,0,1,0,0,0,0
afl,0,0,1,100,0,0,1,0,0,0,0
afm,0,0,1,100,0,0,1,0,0,0,0
afb,0,0,1,100,0,0,1,0,0,0,0
afc,0,0,1,100,0,0,1,0,0,0,0
afd,0,0,1,100,0,0,1,0,0,0,0
afe,0,0,1,100,0,0,1,0,0,0,0
afo,0,0,1,100,0,0,1,0,0,0,0
afp,0,0,1,100,0,0,1,0,0,0,0
afq,0,0,1,100,0,0,1,0,0,0,0
afr,0,0,1,100,0,0,1,0,0,0,0
afs,0,0,1,100,0,0,1,0,0,0,0
aft,0,0,1,100,0,0,1,0,0,0,0
afu,0,0,1,100,0,0,1,0,0,0,0
afw,0,0,1,100,0,0,1,0,0,0,0
afx,0,0,1,100,0,0,1,0,0,0,0
afy,0,0,1,100,0,0,1,0,0,0,0
afz,0,0,1,100,0,0,1,0,0,0,0
aga,0,0,1,100,0,0,1,0,0,0,0
agb,0,0,1,100,0,0,1,0,0,0,0
agc,0,0,1,100,0,0,1,0,0,0,0
agd,0,0,1,100,0,0,1,0,0,0,0
age,0,0,1,100,0,0,1,0,0,0,0
agf,0,0,1,100,0,0,1,0,0,0,0
agg,0,0,1,100,0,0,1,0,0,0,0
agh,0,0,1,100,0,0,1,0,0,0,0
agi,0,0,1,100,0,0,1,0,0,0,0
agj,0,0,1,100,0,0,1,0,0,0,0
agk,0,0,1,100,0,0,1,0,0,0,0
agl,0,0,1,100,0,0,1,0,0,0,0
agm,0,0,1,100,0,0,1,0,0,0,0
agn,0,0,1,100,0,0,1,0,0,0,0
ago,0,0,1,100,0,0,1,0,0,0,0
agp,0,0,1,100,0,0,1,0,0,0,0
agq,0,0,1,100,0,0,1,0,0,0,0
agr,0,0,1,100,0,0,1,0,0,0,0
ags,0,0,1,100,0,0,1,0,0,0,0
agt,0,0,1,100,0,0,1,0,0,0,0
agu,0,0,1,100,0,0,1,0,0,0,0
agv,0,0,1,100,0,0,1,0,0,0,0
agw,0,0,1,100,0,0,1,0,0,0,0
agx,0,0,1,100,0,0,1,0,0,0,0
agy,0,0,1,100,0,0,1,0,0,0,0
agz,0,0,1,100,0,0,1,0,0,0,0
aha,0,0,1,100,0,0,1,0,0,0,0
ahb,0,0,1,100,0,0,1,0,0,0,0
ahc,0,0,1,100,0,0,1,0,0,0,0
ahd,0,0,1,100,0,0,1,0,0,0,0
ahe,0,0,1,100,0,0,1,0,0,0,0
ahf,0,0,1,100,0,0,1,0,0,0,0
ahg,0,0,1,100,0,0,1,0,0,0,0
ahh,0,0,1,100,0,0,1,0,0,0,0
ahi,0,0,1,100,0,0,1,0,0,0,0
ahj,0,0,1,100,0,0,1,0,0,0,0
ahk,0,0,1,100,0,0,1,0,0,0,0
ahl,0,0,1,100,0,0,1,0,0,0,0
ahm,0,0,1,100,0,0,1,0,0,0,0
ahn,0,0,1,100,0,0,1,0,0,0,0
aho,0,0,1,100,0,0,1,0,0,0,0
ahp,0,0,1,100,0,0,1,0,0,0,0
ahq,0,0,1,100,0,0,1,0,0,0,0
ahr,0,0,1,100,0,0,1,0,0,0,0
ahs,0,0,1,100,0,0,1,0,0,0,0
aht,0,0,1,100,0,0,1,0,0,0,0
ahu,0,0,1,100,0,0,1,0,0,0,0
ahv,0,0,1,100,0,0,1,0,0,0,0
ahw,0,0,1,100,0,0,1,0,0,0,0
ahx,0,0,1,100,0,0,1,0,0,0,0
ahy,0,0,1,100,0,0,1,0,0,0,0
ahz,0,0,1,100,0,0,1,0,0,0,0
aia,0,0,1,100,0,0,1,0,0,0,0
aib,0,0,1,100,0,0,1,0,0,0,0
aic,0,0,1,100,0,0,1,0,0,0,0
aid,0,0,1,100,0,0,1,0,0,0,0
aie,0,0,1,100,0,0,1,0,0,0,0
aif,0,0,1,100,0,0,1,0,0,0,0
aig,0,0,1,100,0,0,1,0,0,0,0
aih,0,0,1,100,0,0,1,0,0,0,0
aii,0,0,1,100,0,0,1,0,0,0,0
aij,0,0,1,100,0,0,1,0,0,0,0
aik,0,0,1,100,0,0,1,0,0,0,0
ail,0,0,1,100,0,0,1,0,0,0,0
aim,0,0,1,100,0,0,1,0,0,0,0
ain,0,0,1,100,0,0,1,0,0,0,0
aio,0,0,1,100,0,0,1,0,0,0,0
aip,0,0,1,100,0,0,1,0,0,0,0
aiq,0,0,1,100,0,0,1,0,0,0,0
air,0,0,1,100,0,0,1,0,0,0,0
ais,0,0,1,100,0,0,1,0,0,0,0
ait,0,0,1,100,0,0,1,0,0,0,0
aiu,0,0,1,100,0,0,1,0,0,0,0
aiv,0,0,1,100,0,0,1,0,0,0,0
aiw,0,0,1,100,0,0,1,0,0,0,0
aix,0,0,1,100,0,0,1,0,0,0,0
aiy,0,0,1,100,0,0,1,0,0,0,0
aiz,0,0,1,100,0,0,1,0,0,0,0
aja,0,0,1,100,0,0,1,0,0,0,0
ajb,0,0,1,100,0,0,1,0,0,0,0
ajc,0,0,1,100,0,0,1,0,0,0,0
ajd,0,0,1,100,0,0,1,0,0,0,0
aje,0,0,1,100,0,0,1,0,0,0,0
ajf,0,0,1,100,0,0,1,0,0,0,0
ajg,0,0,1,100,0,0,1,0,0,0,0
ajh,0,0,1,100,0,0,1,0,0,0,0
aji,0,0,1,100,0,0,1,0,0,0,0
ajj,0,0,1,100,0,0,1,0,0,0,0
ajk,0,0,1,100,0,0,1,0,0,0,0
ajl,0,0,1,100,0,0,1,0,0,0,0
ajm,0,0,1,100,0,0,1,0,0,0,0
ajn,0,0,1,100,0,0,1,0,0,0,0
ajo,0,0,1,100,0,0,1,0,0,0,0
ajp,0,0,1,100,0,0,1,0,0,0,0
ajq,0,0,1,100,0,0,1,0,0,0,0
ajr,0,0,1,100,0,0,1,0,0,0,0
ajs,0,0,1,100,0,0,1,0,0,0,0
ajt,0,0,1,100,0,0,1,0,0,0,0
aju,0,0,1,100,0,0,1,0,0,0,0
ajv,0,0,1,100,0,0,1,0,0,0,0
ajw,0,0,1,100,0,0,1,0,0,0,0
ajx,0,0,1,100,0,0,1,0,0,0,0
ajy,0,0,1,100,0,0,1,0,0,0,0
ajz,0,0,1,100,0,0,1,0,0,0,0
aka,0,0,1,100,0,0,1,0,0,0,0
akb,0,0,1,100,0,0,1,0,0,0,0
akc,0,0,1,100,0,0,1,0,0,0,0
akd,0,0,1,100,0,0,1,0,0,0,0
ake,0,0,1,100,0,0,1,0,0,0,0
akf,0,0,1,100,0,0,1,0,0,0,0
akg,0,0,1,100,0,0,1,0,0,0,0
akh,0,0,1,100,0,0,1,0,0,0,0
aki,0,0,1,100,0,0,1,0,0,0,0
akj,0,0,1,100,0,0,1,0,0,0,0
akk,0,0,1,100,0,0,1,0,0,0,0
akl,0,0,1,100,0,0,1,0,0,0,0
akm,0,0,1,100,0,0,1,0,0,0,0
akn,0,0,1,100,0,0,1,0,0,0,0
ako,0,0,1,100,0,0,1,0,0,0,0
akp,0,0,1,100,0,0,1,0,0,0,0
akq,0,0,1,100,0,0,1,0,0,0,0
akr,0,0,1,100,0,0,1,0,0,0,0
aks,0,0,1,100,0,0,1,0,0,0,0
akt,0,0,1,100,0,0,1,0,0,0,0
waa,0,0,1,100,0,0,1,0,0,0,0
wab,0,0,1,100,0,0,1,0,0,0,0
wad,0,0,1,100,0,0,1,0,0,0,0
wae,0,0,1,100,0,0,1,0,0,0,0
waf,0,0,1,100,0,0,1,0,0,0,0
wag,0,0,1,100,0,0,1,0,0,0,0
wah,0,0,1,100,0,0,1,0,0,0,0
wai,0,0,1,100,0,0,1,0,0,0,0
waj,0,0,1,100,0,0,1,0,0,0,0
wak,0,0,1,100,0,0,1,0,0,0,0
wal,0,0,1,100,0,0,1,0,0,0,0
wao,0,0,1,100,0,0,1,0,0,0,0
wap,0,0,1,100,0,0,1,0,0,0,0
waq,0,0,1,100,0,0,1,0,0,0,0
war,0,0,1,100,0,0,1,0,0,0,0
was,0,0,1,100,0,0,1,0,0,0,0
wat,0,0,1,100,0,0,1,0,0,0,0
wau,0,0,1,100,0,0,1,0,0,0,0
wav,0,0,1,100,0,0,1,0,0,0,0
waw,0,0,1,100,0,0,1,0,0,0,0
wax,0,0,1,100,0,0,1,0,0,0,0
way,0,0,1,100,0,0,1,0,0,0,0
waz,0,0,1,100,0,0,1,0,0,0,0
wbb,0,0,1,100,0,0,1,0,0,0,0
wbc,0,0,1,100,0,0,1,0,0,0,0
wbd,1,0,1,120,0,0,1,0,0,0,0
wbe,0,0,1,100,0,0,1,0,0,0,0
wbf,0,0,1,100,0,0,1,0,0,0,0
wbg,0,0,1,100,0,0,1,0,0,0,0
wbh,0,0,1,100,0,0,1,0,0,0,0
wbi,0,0,1,100,0,0,1,0,0,0,0
wbj,0,0,1,100,0,0,1,0,0,0,0
wbk,0,0,1,100,0,0,1,0,0,0,0
wbl,0,0,1,100,0,0,1,0,0,0,0
wbm,0,0,1,100,0,0,1,0,0,0,0
wbn,0,0,1,100,0,0,1,0,0,0,0
wbo,0,0,1,100,0,0,1,0,0,0,0
wbp,0,0,1,100,0,0,1,0,0,0,0
wbq,0,0,1,100,0,0,1,0,0,0,0
wbr,0,0,1,100,0,0,1,0,0,0,0
wbs,0,0,1,100,0,0,1,0,0,0,0
wbt,0,0,1,100,0,0,1,0,0,0,0
wbu,0,0,1,100,0,0,1,0,0,0,0
wbv,0,0,1,100,0,0,1,0,0,0,0
wbw,0,0,1,100,0,0,1,0,0,0,0
wbx,0,0,1,100,0,0,1,0,0,0,0
wbz,0,0,1,100,0,0,1,0,0,0,0
wca,0,0,1,100,0,0,1,0,0,0,0
wcb,0,0,1,100,0,0,1,0,0,0,0
wcc,0,0,1,100,0,0,1,0,0,0,0
wcd,0,0,1,100,0,0,1,0,0,0,0
wce,0,0,1,100,0,0,1,0,0,0,0
wcf,0,0,1,100,0,0,1,0,0,0,0
wcg,0,0,1,100,0,0,1,0,0,0,0
wch,0,0,1,100,0,0,1,0,0,0,0
wci,0,0,1,100,0,0,1,0,0,0,0
wcj,0,0,1,100,0,0,1,0,0,0,0
wck,0,0,1,100,0,0,1,0,0,0,0
wcl,0,0,1,100,0,0,1,0,0,0,0
wcm,0,0,1,100,0,0,1,0,0,0,0
wcn,0,0,1,100,0,0,1,0,0,0,0
wco,0,0,1,100,0,0,1,0,0,0,0
wcp,0,0,1,100,0,0,1,0,0,0,0
wcq,0,0,1,100,0,0,1,0,0,0,0
wcr,0,0,1,100,0,0,1,0,0,0,0
wcs,0,0,1,100,0,0,1,0,0,0,0
wct,0,0,1,100,0,0,1,0,0,0,0
wcu,0,0,1,100,0,0,1,0,0,0,0
wcv,0,0,1,100,0,0,1,0,0,0,0
wcw,0,0,1,100,0,0,1,0,0,0,0
wcx,0,0,1,100,0,0,1,0,0,0,0
wcy,0,0,1,100,0,0,1,0,0,0,0
wcz,0,0,1,100,0,0,1,0,0,0,0
wda,0,0,1,100,0,0,1,0,0,0,0
wdb,0,0,1,100,0,0,1,0,0,0,0
wdc,0,0,1,100,0,0,1,0,0,0,0
wdd,0,0,1,100,0,0,1,0,0,0,0
wde,0,0,1,100,0,0,1,0,0,0,0
wdf,0,0,1,100,0,0,1,0,0,0,0
wdg,0,0,1,100,0,0,1,0,0,0,0
wdh,0,0,1,100,0,0,1,0,0,0,0
wdi,0,0,1,100,0,0,1,0,0,0,0
wdj,0,0,1,100,0,0,1,0,0,0,0
wdk,0,0,1,100,0,0,1,0,0,0,0
wdl,0,0,1,100,0,0,1,0,0,0,0
wdm,0,0,1,100,0,0,1,0,0,0,0
wdn,0,0,1,100,0,0,1,0,0,0,0
wdo,0,0,1,100,0,0,1,0,0,0,0
wdp,0,0,1,100,0,0,1,0,0,0,0
wdq,0,0,1,100,0,0,1,0,0,0,0
wdr,0,0,1,100,0,0,1,0,0,0,0
wds,0,0,1,100,0,0,1,0,0,0,0
wdt,0,0,1,100,0,0,1,0,0,0,0
wdu,0,0,1,100,0,0,1,0,0,0,0
wdw,0,0,1,100,0,0,1,0,0,0,0
wdx,0,0,1,100,0,0,1,0,0,0,0
wdy,0,0,1,100,0,0,1,0,0,0,0
wdz,0,0,1,100,0,0,1,0,0,0,0
wea,0,0,1,100,0,0,1,0,0,0,0
web,0,0,1,100,0,0,1,0,0,0,0
wec,0,0,1,100,0,0,1,0,0,0,0
wed,0,0,1,100,0,0,1,0,0,0,0
wee,0,0,1,100,0,0,1,0,0,0,0
wef,0,0,1,100,0,0,1,0,0,0,0
weg,0,0,1,100,0,0,1,0,0,0,0
weh,0,0,1,100,0,0,1,0,0,0,0
wei,0,0,1,100,0,0,1,0,0,0,0
wej,0,0,1,100,0,0,1,0,0,0,0
wek,0,0,1,100,0,0,1,0,0,0,0
wem,0,0,1,100,0,0,1,0,0,0,0
wen,0,0,1,100,0,0,1,0,0,0,0
wel,0,0,1,100,0,0,1,0,0,0,0
weo,0,0,1,100,0,0,1,0,0,0,0
wep,0,0,1,100,0,0,1,0,0,0,0
weq,0,0,1,100,0,0,1,0,0,0,0
wew,0,0,1,100,0,0,1,0,0,0,0
wex,0,0,1,100,0,0,1,0,0,0,0
wey,0,0,1,100,0,0,1,0,0,0,0
wez,0,0,1,100,0,0,1,0,0,0,0
wfa,0,0,1,100,0,0,1,0,0,0,0
wfb,0,0,1,100,0,0,1,0,0,0,0
wfc,0,0,1,100,0,0,1,0,0,0,0
weu,0,0,1,100,0,0,1,0,0,0,0
wes,0,0,1,100,0,0,1,0,0,0,0
wet,0,0,1,100,0,0,1,0,0,0,0
wer,0,0,1,100,0,0,1,0,0,0,0
wev,0,0,1,100,0,0,1,0,0,0,0
wfd,0,0,1,100,0,0,1,0,0,0,0
wfe,0,0,1,100,0,0,1,0,0,0,0
wff,0,0,1,100,0,0,1,0,0,0,0
wfg,0,0,1,100,0,0,1,0,0,0,0
wfh,0,0,1,100,0,0,1,0,0,0,0
wfi,0,0,1,100,0,0,1,0,0,0,0
wfj,0,0,1,100,0,0,1,0,0,0,0
wfk,0,0,1,100,0,0,1,0,0,0,0
wfl,0,0,1,100,0,0,1,0,0,0,0
wfm,0,0,1,100,0,0,1,0,0,0,0
wfn,0,0,1,100,0,0,1,0,0,0,0
wfo,0,0,1,100,0,0,1,0,0,0,0
wfp,0,0,1,100,0,0,1,0,0,0,0
wfq,0,0,1,100,0,0,1,0,0,0,0
wfr,0,0,1,100,0,0,1,0,0,0,0
wfs,0,0,1,100,0,0,1,0,0,0,0
wft,0,0,1,100,0,0,1,0,0,0,0
wfu,0,0,1,100,0,0,1,0,0,0,0
wfv,0,0,1,100,0,0,1,0,0,0,0
wfw,0,0,1,100,0,0,1,0,0,0,0
wfx,0,0,1,100,0,0,1,0,0,0,0
wfy,0,0,1,100,0,0,1,0,0,0,0
wfz,0,0,1,100,0,0,1,0,0,0,0
wga,0,0,1,100,0,0,1,0,0,0,0
wgb,0,0,1,100,0,0,1,0,0,0,0
wgc,0,0,1,100,0,0,1,0,0,0,0
wgd,0,0,1,100,0,0,1,0,0,0,0
wge,0,0,1,100,0,0,1,0,0,0,0
wgf,0,0,1,100,0,0,1,0,0,0,0
wgg,0,0,1,100,0,0,1,0,0,0,0
wgh,0,0,1,100,0,0,1,0,0,0,0
wgi,0,0,1,100,0,0,1,0,0,0,0
wgj,0,0,1,100,0,0,1,0,0,0,0
wgk,0,0,1,100,0,0,1,0,0,0,0
wgl,0,0,1,100,0,0,1,0,0,0,0
wgm,0,0,1,100,0,0,1,0,0,0,0
wgn,0,0,1,100,0,0,1,0,0,0,0
wgo,0,0,1,100,0,0,1,0,0,0,0
wgp,0,0,1,100,0,0,1,0,0,0,0
wgq,0,0,1,100,0,0,1,0,0,0,0
wgr,0,0,1,100,0,0,1,0,0,0,0
wgs,0,0,1,100,0,0,1,0,0,0,0
wgt,0,0,1,100,0,0,1,0,0,0,0
wgu,0,0,1,100,0,0,1,0,0,0,0
wgv,0,0,1,100,0,0,1,0,0,0,0
wgw,0,0,1,100,0,0,1,0,0,0,0
wgx,0,0,1,100,0,0,1,0,0,0,0
wgy,0,0,1,100,0,0,1,0,0,0,0
wgz,0,0,1,100,0,0,1,0,0,0,0
wha,0,0,1,100,0,0,1,0,0,0,0
whb,0,0,1,100,0,0,1,0,0,0,0
whc,0,0,1,100,0,0,1,0,0,0,0
whd,0,0,1,100,0,0,1,0,0,0,0
whe,0,0,1,100,0,0,1,0,0,0,0
whf,0,0,1,100,0,0,1,0,0,0,0
whg,0,0,1,100,0,0,1,0,0,0,0
whh,0,0,1,100,0,0,1,0,0,0,0
whi,0,0,1,100,0,0,1,0,0,0,0
whj,0,0,1,100,0,0,1,0,0,0,0
whk,0,0,1,100,0,0,1,0,0,0,0
whl,0,0,1,100,0,0,1,0,0,0,0
whm,0,0,1,100,0,0,1,0,0,0,0
whn,0,0,1,100,0,0,1,0,0,0,0
who,0,0,1,100,0,0,1,0,0,0,0
whp,0,0,1,100,0,0,1,0,0,0,0
whq,0,0,1,100,0,0,1,0,0,0,0
whr,0,0,1,100,0,0,1,0,0,0,0
whs,0,0,1,100,0,0,1,0,0,0,0
wht,0,0,1,100,0,0,1,0,0,0,0
whu,0,0,1,100,0,0,1,0,0,0,0
whv,0,0,1,100,0,0,1,0,0,0,0
whw,0,0,1,100,0,0,1,0,0,0,0
whx,0,0,1,100,0,0,1,0,0,0,0
why,0,0,1,100,0,0,1,0,0,0,0
whz,0,0,1,100,0,0,1,0,0,0,0
wia,0,0,1,100,0,0,1,0,0,0,0
wib,0,0,1,100,0,0,1,0,0,0,0
wic,0,0,1,100,0,0,1,0,0,0,0
wid,0,0,1,100,0,0,1,0,0,0,0
wie,0,0,1,100,0,0,1,0,0,0,0
wif,0,0,1,100,0,0,1,0,0,0,0
wig,0,0,1,100,0,0,1,0,0,0,0
wih,0,0,1,100,0,0,1,0,0,0,0
wii,0,0,1,100,0,0,1,0,0,0,0
wij,0,0,1,100,0,0,1,0,0,0,0
wik,0,0,1,100,0,0,1,0,0,0,0
wil,0,0,1,100,0,0,1,0,0,0,0
wim,0,0,1,100,0,0,1,0,0,0,0
win,0,0,1,100,0,0,1,0,0,0,0
wio,0,0,1,100,0,0,1,0,0,0,0
wip,0,0,1,100,0,0,1,0,0,0,0
wiq,0,0,1,100,0,0,1,0,0,0,0
wir,0,0,1,100,0,0,1,0,0,0,0
wis,0,0,1,100,0,0,1,0,0,0,0
wit,0,0,1,100,0,0,1,0,0,0,0
wiu,0,0,1,100,0,0,1,0,0,0,0
wiv,0,0,1,100,0,0,1,0,0,0,0
wiw,0,0,1,100,0,0,1,0,0,0,0
wix,0,0,1,100,0,0,1,0,0,0,0
wiy,0,0,1,100,0,0,1,0,0,0,0
wiz,0,0,1,100,0,0,1,0,0,0,0
wja,0,0,1,100,0,0,1,0,0,0,0
wjb,0,0,1,100,0,0,1,0,0,0,0
wjc,0,0,1,100,0,0,1,0,0,0,0
wjd,0,0,1,100,0,0,1,0,0,0,0
wje,0,0,1,100,0,0,1,0,0,0,0
wjf,0,0,1,100,0,0,1,0,0,0,0
wjg,0,0,1,100,0,0,1,0,0,0,0
wjh,0,0,1,100,0,0,1,0,0,0,0
wji,0,0,1,100,0,0,1,0,0,0,0
wjj,0,0,1,100,0,0,1,0,0,0,0
wjk,0,0,1,100,0,0,1,0,0,0,0
wjl,0,0,1,100,0,0,1,0,0,0,0
wjm,0,0,1,100,0,0,1,0,0,0,0
wjn,0,0,1,100,0,0,1,0,0,0,0
wjo,0,0,1,100,0,0,1,0,0,0,0
wjp,0,0,1,100,0,0,1,0,0,0,0
wjq,0,0,1,100,0,0,1,0,0,0,0
wjr,0,0,1,100,0,0,1,0,0,0,0
wjs,0,0,1,100,0,0,1,0,0,0,0
wjt,0,0,1,100,0,0,1,0,0,0,0
wju,0,0,1,100,0,0,1,0,0,0,0
wjv,0,0,1,100,0,0,1,0,0,0,0
wjw,0,0,1,100,0,0,1,0,0,0,0
wjx,0,0,1,100,0,0,1,0,0,0,0
wjy,0,0,1,100,0,0,1,0,0,0,0
wjz,0,0,1,100,0,0,1,0,0,0,0
wka,0,0,1,100,0,0,1,0,0,0,0
wkb,0,0,1,100,0,0,1,0,0,0,0
wkc,0,0,1,100,0,0,1,0,0,0,0
wkd,0,0,1,100,0,0,1,0,0,0,0
wke,0,0,1,100,0,0,1,0,0,0,0
wkf,0,0,1,100,0,0,1,0,0,0,0
wkg,0,0,1,100,0,0,1,0,0,0,0
wkh,0,0,1,100,0,0,1,0,0,0,0
wki,0,0,1,100,0,0,1,0,0,0,0
wkj,0,0,1,100,0,0,1,0,0,0,0
wkk,0,0,1,100,0,0,1,0,0,0,0
wkl,0,0,1,100,0,0,1,0,0,0,0
wkm,0,0,1,100,0,0,1,0,0,0,0
wkn,0,0,1,100,0,0,1,0,0,0,0
wko,0,0,1,100,0,0,1,0,0,0,0
wkp,0,0,1,100,0,0,1,0,0,0,0
wkq,0,0,1,100,0,0,1,0,0,0,0
wkr,0,0,1,100,0,0,1,0,0,0,0
wks,0,0,1,100,0,0,1,0,0,0,0
wkt,0,0,1,100,0,0,1,0,0,0,0
wku,0,0,1,100,0,0,1,0,0,0,0
wkv,0,0,1,100,0,0,1,0,0,0,0
wkw,0,0,1,100,0,0,1,0,0,0,0
wkx,0,0,1,100,0,0,1,0,0,0,0
wky,0,0,1,100,0,0,1,0,0,0,0
wkz,0,0,1,100,0,0,1,0,0,0,0
wla,0,0,1,100,0,0,1,0,0,0,0
wlb,0,0,1,100,0,0,1,0,0,0,0
wlc,0,0,1,100,0,0,1,0,0,0,0
wld,0,0,1,100,0,0,1,0,0,0,0
wle,0,0,1,100,0,0,1,0,0,0,0
wlf,0,0,1,100,0,0,1,0,0,0,0
wlg,0,0,1,100,0,0,1,0,0,0,0
wlh,0,0,1,100,0,0,1,0,0,0,0
wli,0,0,1,100,0,0,1,0,0,0,0
wlj,0,0,1,100,0,0,1,0,0,0,0
wlk,0,0,1,100,0,0,1,0,0,0,0
wll,0,0,1,100,0,0,1,0,0,0,0
wlm,0,0,1,100,0,0,1,0,0,0,0
wln,0,0,1,100,0,0,1,0,0,0,0
wlo,0,0,1,100,0,0,1,0,0,0,0
wlp,0,0,1,100,0,0,1,0,0,0,0
wlq,0,0,1,100,0,0,1,0,0,0,0
wlr,0,0,1,100,0,0,1,0,0,0,0
wls,0,0,1,100,0,0,1,0,0,0,0
wlt,0,0,1,100,0,0,1,0,0,0,0
wlu,0,0,1,100,0,0,1,0,0,0,0
wlv,0,0,1,100,0,0,1,0,0,0,0
wlw,0,0,1,100,0,0,1,0,0,0,0
wlx,0,0,1,100,0,0,1,0,0,0,0
wly,0,0,1,100,0,0,1,0,0,0,0
wlz,0,0,1,100,0,0,1,0,0,0,0
wma,0,0,1,100,0,0,1,0,0,0,0
wmb,0,0,1,100,0,0,1,0,0,0,0
wmc,0,0,1,100,0,0,1,0,0,0,0
wmd,0,0,1,100,0,0,1,0,0,0,0
wme,0,0,1,100,0,0,1,0,0,0,0
wmf,0,0,1,100,0,0,1,0,0,0,0
wmg,0,0,1,100,0,0,1,0,0,0,0
wmh,0,0,1,100,0,0,1,0,0,0,0
wmi,0,0,1,100,0,0,1,0,0,0,0
wmj,0,0,1,100,0,0,1,0,0,0,0
wmk,0,0,1,100,0,0,1,0,0,0,0
wml,0,0,1,100,0,0,1,0,0,0,0
wmm,0,0,1,100,0,0,1,0,0,0,0
wmn,0,0,1,100,0,0,1,0,0,0,0
wmo,0,0,1,100,0,0,1,0,0,0,0
wmp,0,0,1,100,0,0,1,0,0,0,0
wmq,0,0,1,100,0,0,1,0,0,0,0
wmr,0,0,1,100,0,0,1,0,0,0,0
wms,0,0,1,100,0,0,1,0,0,0,0
wmt,0,0,1,100,0,0,1,0,0,0,0
wmu,0,0,1,100,0,0,1,0,0,0,0
wmv,0,0,1,100,0,0,1,0,0,0,0
wmw,0,0,1,100,0,0,1,0,0,0,0
wmx,0,0,1,100,0,0,1,0,0,0,0
wmy,0,0,1,100,0,0,1,0,0,0,0
wmz,0,0,1,100,0,0,1,0,0,0,0
wna,0,0,1,100,0,0,1,0,0,0,0
wnb,0,0,1,100,0,0,1,0,0,0,0
wnc,0,0,1,100,0,0,1,0,0,0,0
wnd,0,0,1,100,0,0,1,0,0,0,0
wne,0,0,1,100,0,0,1,0,0,0,0
wnf,0,0,1,100,0,0,1,0,0,0,0
wng,0,0,1,100,0,0,1,0,0,0,0
wnh,0,0,1,100,0,0,1,0,0,0,0
wni,0,0,1,100,0,0,1,0,0,0,0
wnj,0,0,1,100,0,0,1,0,0,0,0
wnk,0,0,1,100,0,0,1,0,0,0,0
wnl,0,0,1,100,0,0,1,0,0,0,0
wnm,0,0,1,100,0,0,1,0,0,0,0
wnn,0,0,1,100,0,0,1,0,0,0,0
wno,0,0,1,100,0,0,1,0,0,0,0
wnp,0,0,1,100,0,0,1,0,0,0,0
wnq,0,0,1,100,0,0,1,0,0,0,0
wnr,0,0,1,100,0,0,1,0,0,0,0
wns,0,0,1,100,0,0,1,0,0,0,0
wnt,0,0,1,100,0,0,1,0,0,0,0
wnu,0,0,1,100,0,0,1,0,0,0,0
wnv,0,0,1,100,0,0,1,0,0,0,0
wnw,0,0,1,100,0,0,1,0,0,0,0
wnx,0,0,1,100,0,0,1,0,0,0,0
wny,0,0,1,100,0,0,1,0,0,0,0
wnz,0,0,1,100,0,0,1,0,0,0,0
woa,0,0,1,100,0,0,1,0,0,0,0
wob,0,0,1,100,0,0,1,0,0,0,0
woc,0,0,1,100,0,0,1,0,0,0,0
wod,0,0,1,100,0,0,1,0,0,0,0
woe,0,0,1,100,0,0,1,0,0,0,0
wof,0,0,1,100,0,0,1,0,0,0,0
wog,0,0,1,100,0,0,1,0,0,0,0
woh,0,0,1,100,0,0,1,0,0,0,0
woi,0,0,1,100,0,0,1,0,0,0,0
woj,0,0,1,100,0,0,1,0,0,0,0
wok,0,0,1,100,0,0,1,0,0,0,0
wol,0,0,1,100,0,0,1,0,0,0,0
wom,0,0,1,100,0,0,1,0,0,0,0
won,0,0,1,100,0,0,1,0,0,0,0
woo,0,0,1,100,0,0,1,0,0,0,0
wop,0,0,1,100,0,0,1,0,0,0,0
woq,0,0,1,100,0,0,1,0,0,0,0
wor,0,0,1,100,0,0,1,0,0,0,0
wos,0,0,1,100,0,0,1,0,0,0,0
wot,0,0,1,100,0,0,1,0,0,0,0
wou,0,0,1,100,0,0,1,0,0,0,0
wov,0,0,1,100,0,0,1,0,0,0,0
a01,0,0,1,100,0,0,1,0,0,0,0
a02,0,0,1,100,0,0,1,0,0,0,0
a03,0,0,1,100,0,0,1,0,0,0,0
a04,0,0,1,100,0,0,1,0,0,0,0
a05,0,0,1,100,0,0,1,0,0,0,0
a06,0,0,1,100,0,0,1,0,0,0,0
a07,0,0,1,100,0,0,1,0,0,0,0
a08,0,0,1,100,0,0,1,0,0,0,0
a09,0,0,1,100,0,0,1,0,0,0,0
a10,0,0,1,100,0,0,1,0,0,0,0
a11,0,0,1,100,0,0,1,0,0,0,0
a12,0,0,1,100,0,0,1,0,0,0,0
a13,0,0,1,100,0,0,1,0,0,0,0
a14,0,0,1,100,0,0,1,0,0,0,0
a15,0,0,1,100,0,0,1,0,0,0,0
a16,0,0,1,100,0,0,1,0,0,0,0
a17,0,0,1,100,0,0,1,0,0,0,0
a18,0,0,1,100,0,0,1,0,0,0,0
a19,0,0,1,100,0,0,1,0,0,0,0
a20,0,0,1,100,0,0,1,0,0,0,0
a21,0,0,1,100,0,0,1,0,0,0,0
a22,0,0,1,100,0,0,1,0,0,0,0
a23,0,0,1,100,0,0,1,0,0,0,0
a24,0,0,1,100,0,0,1,0,0,0,0
a25,0,0,1,100,0,0,1,0,0,0,0
a26,0,0,1,100,0,0,1,0,0,0,0
a27,0,0,1,100,0,0,1,0,0,0,0
a28,0,0,1,100,0,0,1,0,0,0,0
a29,0,0,1,100,0,0,1,0,0,0,0
a30,0,0,1,100,0,0,1,0,0,0,0
a31,0,0,1,100,0,0,1,0,0,0,0
a32,0,0,1,100,0,0,1,0,0,0,0
a33,0,0,1,100,0,0,1,0,0,0,0
a34,0,0,1,100,0,0,1,0,0,0,0
a35,0,0,1,100,0,0,1,0,0,0,0
a36,0,0,1,100,0,0,1,0,0,0,0
a37,0,0,1,100,0,0,1,0,0,0,0
a38,0,0,1,100,0,0,1,0,0,0,0
a39,0,0,1,100,0,0,1,0,0,0,0
a40,0,0,1,100,0,0,1,0,0,0,0
a41,0,0,1,100,0,0,1,0,0,0,0
a42,0,0,1,100,0,0,1,0,0,0,0
a43,0,0,1,100,0,0,1,0,0,0,0
a44,0,0,1,100,0,0,1,0,0,0,0
a45,0,0,1,100,0,0,1,0,0,0,0
a46,0,0,1,100,0,0,1,0,0,0,0
a47,0,0,1,100,0,0,1,0,0,0,0
a48,0,0,1,100,0,0,1,0,0,0,0
a49,0,0,1,100,0,0,1,0,0,0,0
a50,0,0,1,100,0,0,1,0,0,0,0
a51,0,0,1,100,0,0,1,0,0,0,0
a52,0,0,1,100,0,0,1,0,0,0,0
a53,0,0,1,100,0,0,1,0,0,0,0
a54,0,0,1,100,0,0,1,0,0,0,0
a55,0,0,1,100,0,0,1,0,0,0,0
a56,0,0,1,100,0,0,1,0,0,0,0
a57,0,0,1,100,0,0,1,0,0,0,0
a58,0,0,1,100,0,0,1,0,0,0,0
a59,0,0,1,100,0,0,1,0,0,0,0
a60,0,0,1,100,0,0,1,0,0,0,0
a61,0,0,1,100,0,0,1,0,0,0,0
a62,0,0,1,100,0,0,1,0,0,0,0
a63,0,0,1,100,0,0,1,0,0,0,0
a64,0,0,1,100,0,0,1,0,0,0,0
a65,0,0,1,100,0,0,1,0,0,0,0
a66,0,0,1,100,0,0,1,0,0,0,0
a67,0,0,1,100,0,0,1,0,0,0,0
a68,0,0,1,100,0,0,1,0,0,0,0
a69,0,0,1,100,0,0,1,0,0,0,0
a70,0,0,1,100,0,0,1,0,0,0,0
a71,0,0,1,100,0,0,1,0,0,0,0
a72,0,0,1,100,0,0,1,0,0,0,0
a73,0,0,1,100,0,0,1,0,0,0,0
a74,0,0,1,100,0,0,1,0,0,0,0
a75,0,0,1,100,0,0,1,0,0,0,0
a76,0,0,1,100,0,0,1,0,0,0,0
a78,0,0,1,100,0,0,1,0,0,0,0
a79,0,0,1,100,0,0,1,0,0,0,0
a80,0,0,1,100,0,0,1,0,0,0,0
a81,0,0,1,100,0,0,1,0,0,0,0
a82,0,0,1,100,0,0,1,0,0,0,0
a83,0,0,1,100,0,0,1,0,0,0,0
a84,0,0,1,100,0,0,1,0,0,0,0
a85,0,0,1,100,0,0,1,0,0,0,0
a86,0,0,1,100,0,0,1,0,0,0,0
a87,0,0,1,100,0,0,1,0,0,0,0
a88,0,0,1,100,0,0,1,0,0,0,0
a89,0,0,1,100,0,0,1,0,0,0,0
a90,0,0,1,100,0,0,1,0,0,0,0
a91,0,0,1,100,0,0,1,0,0,0,0
a92,0,0,1,100,0,0,1,0,0,0,0
a93,0,0,1,100,0,0,1,0,0,0,0
a94,0,0,1,100,0,0,1,0,0,0,0
a95,0,0,1,100,0,0,1,0,0,0,0
a96,0,0,1,100,0,0,1,0,0,0,0
a97,0,0,1,100,0,0,1,0,0,0,0
a98,0,0,1,100,0,0,1,0,0,0,0
a99,0,0,1,100,0,0,1,0,0,0,0
aa1,0,0,1,100,0,0,1,0,0,0,0
aa2,0,0,1,100,0,0,1,0,0,0,0
aa3,0,0,1,100,0,0,1,0,0,0,0
aa4,0,0,1,100,0,0,1,0,0,0,0
aa5,0,0,1,100,0,0,1,0,0,0,0
aa6,0,0,1,100,0,0,1,0,0,0,0
aa7,0,0,1,100,0,0,1,0,0,0,0
aa8,0,0,1,100,0,0,1,0,0,0,0
aa9,0,0,1,100,0,0,1,0,0,0,0
ab1,0,0,1,100,0,0,1,0,0,0,0
ab2,0,0,1,100,0,0,1,0,0,0,0
ab3,0,0,1,100,0,0,1,0,0,0,0
ab4,0,0,1,100,0,0,1,0,0,0,0
ab5,0,0,1,100,0,0,1,0,0,0,0
ab6,0,0,1,100,0,0,1,0,0,0,0
ab7,0,0,1,100,0,0,1,0,0,0,0
ab8,0,0,1,100,0,0,1,0,0,0,0
ab9,0,0,1,100,0,0,1,0,0,0,0
ac1,0,0,1,100,0,0,1,0,0,0,0
ac2,0,0,1,100,0,0,1,0,0,0,0
ac3,0,0,1,100,0,0,1,0,0,0,0
ac4,0,0,1,100,0,0,1,0,0,0,0
ac5,0,0,1,100,0,0,1,0,0,0,0
ac6,0,0,1,100,0,0,1,0,0,0,0
ac7,0,0,1,100,0,0,1,0,0,0,0
ac8,0,0,1,100,0,0,1,0,0,0,0
ac9,0,0,1,100,0,0,1,0,0,0,0
ad1,0,0,1,100,0,0,1,0,0,0,0
ad2,0,0,1,100,0,0,1,0,0,0,0
ad3,0,0,1,100,0,0,1,0,0,0,0
ad4,0,0,1,100,0,0,1,0,0,0,0
ad5,0,0,1,100,0,0,1,0,0,0,0
ad6,0,0,1,100,0,0,1,0,0,0,0
ad7,0,0,1,100,0,0,1,0,0,0,0
ad8,0,0,1,100,0,0,1,0,0,0,0
ad9,0,0,1,100,0,0,1,0,0,0,0
ae1,0,0,1,100,0,0,1,0,0,0,0
ae2,0,0,1,100,0,0,1,0,0,0,0
ae3,0,0,1,100,0,0,1,0,0,0,0
ae4,0,0,1,100,0,0,1,0,0,0,0
ae5,0,0,1,100,0,0,1,0,0,0,0
ae6,0,0,1,100,0,0,1,0,0,0,0
ae7,0,0,1,100,0,0,1,0,0,0,0
ae8,0,0,1,100,0,0,1,0,0,0,0
ae9,0,0,1,100,0,0,1,0,0,0,0
af1,0,0,1,100,0,0,1,0,0,0,0
af2,0,0,1,100,0,0,1,0,0,0,0
af3,0,0,1,100,0,0,1,0,0,0,0
af4,0,0,1,100,0,0,1,0,0,0,0
af5,0,0,1,100,0,0,1,0,0,0,0
af6,0,0,1,100,0,0,1,0,0,0,0
af7,0,0,1,100,0,0,1,0,0,0,0
af8,0,0,1,100,0,0,1,0,0,0,0
af9,0,0,1,100,0,0,1,0,0,0,0
af0,0,0,1,100,0,0,1,0,0,0,0
ag1,0,0,1,100,0,0,1,0,0,0,0
ag2,0,0,1,100,0,0,1,0,0,0,0
ag3,0,0,1,100,0,0,1,0,0,0,0
ag4,0,0,1,100,0,0,1,0,0,0,0
ag5,0,0,1,100,0,0,1,0,0,0,0
ag6,0,0,1,100,0,0,1,0,0,0,0
ag7,0,0,1,100,0,0,1,0,0,0,0
ag8,0,0,1,100,0,0,1,0,0,0,0
ag9,0,0,1,100,0,0,1,0,0,0,0
ag0,0,0,1,100,0,0,1,0,0,0,0
ah1,0,0,1,100,0,0,1,0,0,0,0
ah2,0,0,1,100,0,0,1,0,0,0,0
ah3,0,0,1,100,0,0,1,0,0,0,0
ah4,0,0,1,100,0,0,1,0,0,0,0
ah5,0,0,1,100,0,0,1,0,0,0,0
ah6,0,0,1,100,0,0,1,0,0,0,0
ah7,0,0,1,100,0,0,1,0,0,0,0
ah8,0,0,1,100,0,0,1,0,0,0,0
ah9,0,0,1,100,0,0,1,0,0,0,0
ah0,0,0,1,100,0,0,1,0,0,0,0
ai1,0,0,1,100,0,0,1,0,0,0,0
ai2,0,0,1,100,0,0,1,0,0,0,0
ai3,0,0,1,100,0,0,1,0,0,0,0
ai4,0,0,1,100,0,0,1,0,0,0,0
ai5,0,0,1,100,0,0,1,0,0,0,0
ai6,0,0,1,100,0,0,1,0,0,0,0
ai7,0,0,1,100,0,0,1,0,0,0,0
ai8,0,0,1,100,0,0,1,0,0,0,0
ai9,0,0,1,100,0,0,1,0,0,0,0
ai0,0,0,1,100,0,0,1,0,0,0,0
aj1,0,0,1,100,0,0,1,0,0,0,0
aj2,0,0,1,100,0,0,1,0,0,0,0
aj3,0,0,1,100,0,0,1,0,0,0,0
aj4,0,0,1,100,0,0,1,0,0,0,0
aj5,0,0,1,100,0,0,1,0,0,0,0
aj6,0,0,1,100,0,0,1,0,0,0,0
aj7,0,0,1,100,0,0,1,0,0,0,0
aj8,0,0,1,100,0,0,1,0,0,0,0
aj9,0,0,1,100,0,0,1,0,0,0,0
aj0,0,0,1,100,0,0,1,0,0,0,0
ak1,0,0,1,100,0,0,1,0,0,0,0
ak2,0,0,1,100,0,0,1,0,0,0,0
ak3,0,0,1,100,0,0,1,0,0,0,0
ak4,0,0,1,100,0,0,1,0,0,0,0
ak5,0,0,1,100,0,0,1,0,0,0,0
ak6,0,0,1,100,0,0,1,0,0,0,0
ak7,0,0,1,100,0,0,1,0,0,0,0
ak8,0,0,1,100,0,0,1,0,0,0,0
ak9,0,0,1,100,0,0,1,0,0,0,0
ak0,0,0,1,100,0,0,1,0,0,0,0
al1,0,0,1,100,0,0,1,0,0,0,0
al2,0,0,1,100,0,0,1,0,0,0,0
al3,0,0,1,100,0,0,1,0,0,0,0
al4,0,0,1,100,0,0,1,0,0,0,0
al5,0,0,1,100,0,0,1,0,0,0,0
al6,0,0,1,100,0,0,1,0,0,0,0
al7,0,0,1,100,0,0,1,0,0,0,0
al8,0,0,1,100,0,0,1,0,0,0,0
al9,0,0,1,100,0,0,1,0,0,0,0
al0,0,0,1,100,0,0,1,0,0,0,0
an1,0,0,1,100,0,0,1,0,0,0,0
an2,0,0,1,100,0,0,1,0,0,0,0
an3,0,0,1,100,0,0,1,0,0,0,0
an4,0,0,1,100,0,0,1,0,0,0,0
an5,0,0,1,100,0,0,1,0,0,0,0
an6,0,0,1,100,0,0,1,0,0,0,0
an7,0,0,1,100,0,0,1,0,0,0,0
an8,0,0,1,100,0,0,1,0,0,0,0
an9,0,0,1,100,0,0,1,0,0,0,0
an0,0,0,1,100,0,0,1,0,0,0,0
am7,0,0,1,100,0,0,1,0,0,0,0
am8,0,0,1,100,0,0,1,0,0,0,0
am9,0,0,1,100,0,0,1,0,0,0,0
am0,0,0,1,100,0,0,1,0,0,0,0
ao1,0,0,1,100,0,0,1,0,0,0,0
ao2,0,0,1,100,0,0,1,0,0,0,0
ao3,0,0,1,100,0,0,1,0,0,0,0
ao4,0,0,1,100,0,0,1,0,0,0,0
ao5,0,0,1,100,0,0,1,0,0,0,0
ao6,0,0,1,100,0,0,1,0,0,0,0
am1,0,0,1,100,0,0,1,0,0,0,0
am2,0,0,1,100,0,0,1,0,0,0,0
am3,0,0,1,100,0,0,1,0,0,0,0
am4,0,0,1,100,0,0,1,0,0,0,0
am5,0,0,1,100,0,0,1,0,0,0,0
am6,0,0,1,100,0,0,1,0,0,0,0
ao7,0,0,1,100,0,0,1,0,0,0,0
ao8,0,0,1,100,0,0,1,0,0,0,0
ao9,0,0,1,100,0,0,1,0,0,0,0
ao0,0,0,1,100,0,0,1,0,0,0,0
ap1,0,0,1,100,0,0,1,0,0,0,0
ap2,0,0,1,100,0,0,1,0,0,0,0
ap3,0,0,1,100,0,0,1,0,0,0,0
ap4,0,0,1,100,0,0,1,0,0,0,0
ap5,0,0,1,100,0,0,1,0,0,0,0
ap6,0,0,1,100,0,0,1,0,0,0,0
ap7,0,0,1,100,0,0,1,0,0,0,0
ap8,0,0,1,100,0,0,1,0,0,0,0
ap9,0,0,1,100,0,0,1,0,0,0,0
ap0,0,0,1,100,0,0,1,0,0,0,0
aq1,0,0,1,100,0,0,1,0,0,0,0
aq2,0,0,1,100,0,0,1,0,0,0,0
aq3,0,0,1,100,0,0,1,0,0,0,0
aq4,0,0,1,100,0,0,1,0,0,0,0
aq5,0,0,1,100,0,0,1,0,0,0,0
aq6,0,0,1,100,0,0,1,0,0,0,0
aq7,0,0,1,100,0,0,1,0,0,0,0
aq8,0,0,1,100,0,0,1,0,0,0,0
aq9,0,0,1,100,0,0,1,0,0,0,0
ar0,0,0,1,100,0,0,1,0,0,0,0
ar1,0,0,1,100,0,0,1,0,0,0,0
ar2,0,0,1,100,0,0,1,0,0,0,0
ar3,0,0,1,100,0,0,1,0,0,0,0
ar4,0,0,1,100,0,0,1,0,0,0,0
ar5,0,0,1,100,0,0,1,0,0,0,0
ar6,0,0,1,100,0,0,1,0,0,0,0
ar7,0,0,1,100,0,0,1,0,0,0,0
ar8,0,0,1,100,0,0,1,0,0,0,0
ar9,0,0,1,100,0,0,1,0,0,0,0
as0,0,0,1,100,0,0,1,0,0,0,0
as1,0,0,1,100,0,0,1,0,0,0,0
as2,0,0,1,100,0,0,1,0,0,0,0
as3,0,0,1,100,0,0,1,0,0,0,0
as4,0,0,1,100,0,0,1,0,0,0,0
as5,0,0,1,100,0,0,1,0,0,0,0
as6,0,0,1,100,0,0,1,0,0,0,0
as7,0,0,1,100,0,0,1,0,0,0,0
as8,0,0,1,100,0,0,1,0,0,0,0
as9,0,0,1,100,0,0,1,0,0,0,0
at0,0,0,1,100,0,0,1,0,0,0,0
at1,0,0,1,100,0,0,1,0,0,0,0
at2,0,0,1,100,0,0,1,0,0,0,0
at3,0,0,1,100,0,0,1,0,0,0,0
at4,0,0,1,100,0,0,1,0,0,0,0
at5,0,0,1,100,0,0,1,0,0,0,0
at6,0,0,1,100,0,0,1,0,0,0,0
at7,0,0,1,100,0,0,1,0,0,0,0
at8,0,0,1,100,0,0,1,0,0,0,0
at9,0,0,1,100,0,0,1,0,0,0,0
au0,0,0,1,100,0,0,1,0,0,0,0
au1,0,0,1,100,0,0,1,0,0,0,0
au2,0,0,1,100,0,0,1,0,0,0,0
au3,0,0,1,100,0,0,1,0,0,0,0
au4,0,0,1,100,0,0,1,0,0,0,0
au5,0,0,1,100,0,0,1,0,0,0,0
au6,0,0,1,100,0,0,1,0,0,0,0
au7,0,0,1,100,0,0,1,0,0,0,0
au8,0,0,1,100,0,0,1,0,0,0,0
au9,0,0,1,100,0,0,1,0,0,0,0
av0,0,0,1,100,0,0,1,0,0,0,0
av1,0,0,1,100,0,0,1,0,0,0,0
av2,0,0,1,100,0,0,1,0,0,0,0
av3,0,0,1,100,0,0,1,0,0,0,0
av4,0,0,1,100,0,0,1,0,0,0,0
av5,0,0,1,100,0,0,1,0,0,0,0
av6,0,0,1,100,0,0,1,0,0,0,0
av7,0,0,1,100,0,0,1,0,0,0,0
av8,0,0,1,100,0,0,1,0,0,0,0
av9,0,0,1,100,0,0,1,0,0,0,0
aw0,0,0,1,100,0,0,1,0,0,0,0
aw1,0,0,1,100,0,0,1,0,0,0,0
aw2,0,0,1,100,0,0,1,0,0,0,0
aw3,0,0,1,100,0,0,1,0,0,0,0
aw4,0,0,1,100,0,0,1,0,0,0,0
aw5,0,0,1,100,0,0,1,0,0,0,0
aw6,0,0,1,100,0,0,1,0,0,0,0
aw7,0,0,1,100,0,0,1,0,0,0,0
aw8,0,0,1,100,0,0,1,0,0,0,0
aw9,0,0,1,100,0,0,1,0,0,0,0
ax0,0,0,1,100,0,0,1,0,0,0,0
ax1,0,0,1,100,0,0,1,0,0,0,0
ax2,0,0,1,100,0,0,1,0,0,0,0
ax3,0,0,1,100,0,0,1,0,0,0,0
ax4,0,0,1,100,0,0,1,0,0,0,0
ax5,0,0,1,100,0,0,1,0,0,0,0
ax6,0,0,1,100,0,0,1,0,0,0,0
ax7,0,0,1,100,0,0,1,0,0,0,0
ax8,0,0,1,100,0,0,1,0,0,0,0
ax9,0,0,1,100,0,0,1,0,0,0,0
ay0,0,0,1,100,0,0,1,0,0,0,0
ay1,0,0,1,100,0,0,1,0,0,0,0
ay2,0,0,1,100,0,0,1,0,0,0,0
ay3,0,0,1,100,0,0,1,0,0,0,0
ay4,0,0,1,100,0,0,1,0,0,0,0
ay5,0,0,1,100,0,0,1,0,0,0,0
ay6,0,0,1,100,0,0,1,0,0,0,0
ay7,0,0,1,100,0,0,1,0,0,0,0
ay8,0,0,1,100,0,0,1,0,0,0,0
ay9,0,0,1,100,0,0,1,0,0,0,0
az0,0,0,1,100,0,0,1,0,0,0,0
az1,0,0,1,100,0,0,1,0,0,0,0
az2,0,0,1,100,0,0,1,0,0,0,0
az3,0,0,1,100,0,0,1,0,0,0,0
az4,0,0,1,100,0,0,1,0,0,0,0
az5,0,0,1,100,0,0,1,0,0,0,0
az6,0,0,1,100,0,0,1,0,0,0,0
az7,0,0,1,100,0,0,1,0,0,0,0
az8,0,0,1,100,0,0,1,0,0,0,0
az9,0,0,1,100,0,0,1,0,0,0,0
e01,0,0,1,100,0,0,1,0,0,0,0
e02,0,0,1,100,0,0,1,0,0,0,0
e03,0,0,1,100,0,0,1,0,0,0,0
e04,0,0,1,100,0,0,1,0,0,0,0
e05,0,0,1,100,0,0,1,0,0,0,0
e06,0,0,1,100,0,0,1,0,0,0,0
e07,0,0,1,100,0,0,1,0,0,0,0
e08,0,0,1,100,0,0,1,0,0,0,0
e09,0,0,1,100,0,0,1,0,0,0,0
e10,0,0,1,100,0,0,1,0,0,0,0
e11,0,0,1,100,0,0,1,0,0,0,0
e12,0,0,1,100,0,0,1,0,0,0,0
e13,0,0,1,100,0,0,1,0,0,0,0
e14,0,0,1,100,0,0,1,0,0,0,0
e15,0,0,1,100,0,0,1,0,0,0,0
e16,0,0,1,100,0,0,1,0,0,0,0
e17,0,0,1,100,0,0,1,0,0,0,0
e18,0,0,1,100,0,0,1,0,0,0,0
e19,0,0,1,100,0,0,1,0,0,0,0
e20,0,0,1,100,0,0,1,0,0,0,0
e21,0,0,1,100,0,0,1,0,0,0,0
e22,0,0,1,100,0,0,1,0,0,0,0
e23,0,0,1,100,0,0,1,0,0,0,0
e24,0,0,1,100,0,0,1,0,0,0,0
e25,0,0,1,100,0,0,1,0,0,0,0
e26,0,0,1,100,0,0,1,0,0,0,0
e27,0,0,1,100,0,0,1,0,0,0,0
e28,0,0,1,100,0,0,1,0,0,0,0
e29,0,0,1,100,0,0,1,0,0,0,0
e30,0,0,1,100,0,0,1,0,0,0,0
e31,0,0,1,100,0,0,1,0,0,0,0
e32,0,0,1,100,0,0,1,0,0,0,0
e33,0,0,1,100,0,0,1,0,0,0,0
e34,0,0,1,100,0,0,1,0,0,0,0
e35,0,0,1,100,0,0,1,0,0,0,0
e36,0,0,1,100,0,0,1,0,0,0,0
e37,0,0,1,100,0,0,1,0,0,0,0
e38,0,0,1,100,0,0,1,0,0,0,0
e39,0,0,1,100,0,0,1,0,0,0,0
e40,0,0,1,100,0,0,1,0,0,0,0
e41,0,0,1,100,0,0,1,0,0,0,0
e42,0,0,1,100,0,0,1,0,0,0,0
e43,0,0,1,100,0,0,1,0,0,0,0
e44,0,0,1,100,0,0,1,0,0,0,0
e45,0,0,1,100,0,0,1,0,0,0,0
e46,0,0,1,100,0,0,1,0,0,0,0
e47,0,0,1,100,0,0,1,0,0,0,0
e48,0,0,1,100,0,0,1,0,0,0,0
e49,0,0,1,100,0,0,1,0,0,0,0
e50,0,0,1,100,0,0,1,0,0,0,0
e51,0,0,1,100,0,0,1,0,0,0,0
e52,0,0,1,100,0,0,1,0,0,0,0
e53,0,0,1,100,0,0,1,0,0,0,0
e54,0,0,1,100,0,0,1,0,0,0,0
e55,0,0,1,100,0,0,1,0,0,0,0
e56,0,0,1,100,0,0,1,0,0,0,0
e57,0,0,1,100,0,0,1,0,0,0,0
e58,0,0,1,100,0,0,1,0,0,0,0
e59,0,0,1,100,0,0,1,0,0,0,0
e60,0,0,1,100,0,0,1,0,0,0,0
e61,0,0,1,100,0,0,1,0,0,0,0
e62,0,0,1,100,0,0,1,0,0,0,0
e63,0,0,1,100,0,0,1,0,0,0,0
e64,0,0,1,100,0,0,1,0,0,0,0
e65,0,0,1,100,0,0,1,0,0,0,0
e66,0,0,1,100,0,0,1,0,0,0,0
e67,0,0,1,100,0,0,1,0,0,0,0
e68,0,0,1,100,0,0,1,0,0,0,0
e69,0,0,1,100,0,0,1,0,0,0,0
e70,0,0,1,100,0,0,1,0,0,0,0
e71,0,0,1,100,0,0,1,0,0,0,0
e72,0,0,1,100,0,0,1,0,0,0,0
e73,0,0,1,100,0,0,1,0,0,0,0
e74,0,0,1,100,0,0,1,0,0,0,0
e75,0,0,1,100,0,0,1,0,0,0,0
e76,0,0,1,100,0,0,1,0,0,0,0
e77,0,0,1,100,0,0,1,0,0,0,0
e78,0,0,1,100,0,0,1,0,0,0,0
e79,0,0,1,100,0,0,1,0,0,0,0
e80,0,0,1,100,0,0,1,0,0,0,0
e81,0,0,1,100,0,0,1,0,0,0,0
e82,0,0,1,100,0,0,1,0,0,0,0
e83,0,0,1,100,0,0,1,0,0,0,0
e84,0,0,1,100,0,0,1,0,0,0,0
e85,0,0,1,100,0,0,1,0,0,0,0
e86,0,0,1,100,0,0,1,0,0,0,0
e87,0,0,1,100,0,0,1,0,0,0,0
e88,0,0,1,100,0,0,1,0,0,0,0
e89,0,0,1,100,0,0,1,0,0,0,0
e90,0,0,1,100,0,0,1,0,0,0,0
e91,0,0,1,100,0,0,1,0,0,0,0
e92,0,0,1,100,0,0,1,0,0,0,0
e93,0,0,1,100,0,0,1,0,0,0,0
e94,0,0,1,100,0,0,1,0,0,0,0
e95,0,0,1,100,0,0,1,0,0,0,0
e96,0,0,1,100,0,0,1,0,0,0,0
e97,0,0,1,100,0,0,1,0,0,0,0
e98,0,0,1,100,0,0,1,0,0,0,0
e99,0,0,1,100,0,0,1,0,0,0,0
ea0,0,0,1,100,0,0,1,0,0,0,0
ea1,0,0,1,100,0,0,1,0,0,0,0
ea2,0,0,1,100,0,0,1,0,0,0,0
ea3,0,0,1,100,0,0,1,0,0,0,0
ea4,0,0,1,100,0,0,1,0,0,0,0
ea5,0,0,1,100,0,0,1,0,0,0,0
ea6,0,0,1,100,0,0,1,0,0,0,0
ea7,0,0,1,100,0,0,1,0,0,0,0
ea8,0,0,1,100,0,0,1,0,0,0,0
ea9,0,0,1,100,0,0,1,0,0,0,0
eb0,0,0,1,100,0,0,1,0,0,0,0
eb1,0,0,1,100,0,0,1,0,0,0,0
eb2,0,0,1,100,0,0,1,0,0,0,0
eb3,0,0,1,100,0,0,1,0,0,0,0
eb4,0,0,1,100,0,0,1,0,0,0,0
eb5,0,0,1,100,0,0,1,0,0,0,0
eb6,0,0,1,100,0,0,1,0,0,0,0
eb7,0,0,1,100,0,0,1,0,0,0,0
eb8,0,0,1,100,0,0,1,0,0,0,0
eb9,0,0,1,100,0,0,1,0,0,0,0
ec0,0,0,1,100,0,0,1,0,0,0,0
ec1,0,0,1,100,0,0,1,0,0,0,0
ec2,0,0,1,100,0,0,1,0,0,0,0
ec3,0,0,1,100,0,0,1,0,0,0,0
ec4,0,0,1,100,0,0,1,0,0,0,0
ec5,0,0,1,100,0,0,1,0,0,0,0
ec6,0,0,1,100,0,0,1,0,0,0,0
ec7,0,0,1,100,0,0,1,0,0,0,0
ec8,0,0,1,100,0,0,1,0,0,0,0
ec9,0,0,1,100,0,0,1,0,0,0,0
ed0,0,0,1,100,0,0,1,0,0,0,0
ed1,0,0,1,100,0,0,1,0,0,0,0
ed2,0,0,1,100,0,0,1,0,0,0,0
ed3,0,0,1,100,0,0,1,0,0,0,0
ed4,0,0,1,100,0,0,1,0,0,0,0
ed5,0,0,1,100,0,0,1,0,0,0,0
ed6,0,0,1,100,0,0,1,0,0,0,0
ed7,0,0,1,100,0,0,1,0,0,0,0
ed8,0,0,1,100,0,0,1,0,0,0,0
ed9,0,0,1,100,0,0,1,0,0,0,0
ee0,0,0,1,100,0,0,1,0,0,0,0
ee1,0,0,1,100,0,0,1,0,0,0,0
ee2,0,0,1,100,0,0,1,0,0,0,0
ee3,0,0,1,100,0,0,1,0,0,0,0
ee4,0,0,1,100,0,0,1,0,0,0,0
ee5,0,0,1,100,0,0,1,0,0,0,0
ee6,0,0,1,100,0,0,1,0,0,0,0
c01,0,0,1,100,0,0,1,0,0,0,0
c02,0,0,1,100,0,0,1,0,0,0,0
c03,0,0,1,100,0,0,1,0,0,0,0
c04,0,0,1,100,0,0,1,0,0,0,0
c05,0,0,1,100,0,0,1,0,0,0,0
c06,0,0,1,100,0,0,1,0,0,0,0
c07,0,0,1,100,0,0,1,0,0,0,0
c08,0,0,1,100,0,0,1,0,0,0,0
c09,0,0,1,100,0,0,1,0,0,0,0
c10,0,0,1,100,0,0,1,0,0,0,0
c11,0,0,1,100,0,0,1,0,0,0,0
c12,0,0,1,100,0,0,1,0,0,0,0
c13,0,0,1,100,0,0,1,0,0,0,0
c14,0,0,1,100,0,0,1,0,0,0,0
c15,0,0,1,100,0,0,1,0,0,0,0
c16,0,0,1,100,0,0,1,0,0,0,0
c17,0,0,1,100,0,0,1,0,0,0,0
c18,0,0,1,100,0,0,1,0,0,0,0
s01,0,0,1,100,0,0,1,0,0,0,0
s05,0,0,1,100,0,0,1,0,0,0,0
s06,0,0,1,100,0,0,1,0,0,0,0
s08,0,0,1,100,0,0,1,0,0,0,0
s09,0,0,1,100,0,0,1,0,0,0,0
s10,0,0,1,100,0,0,1,0,0,0,0
s11,0,0,1,100,0,0,1,0,0,0,0
s12,0,0,1,100,0,0,1,0,0,0,0
s13,0,0,1,100,0,0,1,0,0,0,0
s14,0,0,1,100,0,0,1,0,0,0,0
s15,0,0,1,100,0,0,1,0,0,0,0
s16,0,0,1,100,0,0,1,0,0,0,0
s17,0,0,1,100,0,0,1,0,0,0,0
s18,0,0,1,100,0,0,1,0,0,0,0
s19,0,0,1,100,0,0,1,0,0,0,0
s20,0,0,1,100,0,0,1,0,0,0,0
s21,0,0,1,100,0,0,1,0,0,0,0
s22,0,0,1,100,0,0,1,0,0,0,0
s23,0,0,1,100,0,0,1,0,0,0,0
s24,0,0,1,100,0,0,1,0,0,0,0
s25,0,0,1,100,0,0,1,0,0,0,0
s26,0,0,1,100,0,0,1,0,0,0,0
s27,0,0,1,100,0,0,1,0,0,0,0
s80,0,0,1,100,0,0,1,0,0,0,0
s82,0,0,1,100,0,0,1,0,0,0,0
s83,0,0,1,100,0,0,1,0,0,0,0
s84,0,0,1,100,0,0,1,0,0,0,0
s85,0,0,1,100,0,0,1,0,0,0,0
s86,0,0,1,100,0,0,1,0,0,0,0
s87,0,0,1,100,0,0,1,0,0,0,0
s88,0,0,1,100,0,0,1,0,0,0,0
s89,0,0,1,100,0,0,1,0,0,0,0
s90,0,0,1,100,0,0,1,0,0,0,0
s91,0,0,1,100,0,0,1,0,0,0,0
s92,0,0,1,100,0,0,1,0,0,0,0
s93,0,0,1,100,0,0,1,0,0,0,0
s94,0,0,1,100,0,0,1,0,0,0,0
s95,0,0,1,100,0,0,1,0,0,0,0
s96,0,0,1,100,0,0,1,0,0,0,0
s97,0,0,1,100,0,0,1,0,0,0,0
s98,0,0,1,100,0,0,1,0,0,0,0
s99,0,0,1,100,0,0,1,0,0,0,0
sa0,0,0,1,100,0,0,1,0,0,0,0
sa1,0,0,1,100,0,0,1,0,0,0,0
sa2,0,0,1,100,0,0,1,0,0,0,0
sa3,0,0,1,100,0,0,1,0,0,0,0
sa4,0,0,1,100,0,0,1,0,0,0,0
sa5,0,0,1,100,0,0,1,0,0,0,0
u01,0,0,1,100,0,0,1,0,0,0,0
u02,0,0,1,100,0,0,1,0,0,0,0
u03,0,0,1,100,0,0,1,0,0,0,0
u04,0,0,1,100,0,0,1,0,0,0,0
u05,0,0,1,100,0,0,1,0,0,0,0
u06,0,0,1,100,0,0,1,0,0,0,0
u07,0,0,1,100,0,0,1,0,0,0,0
u08,0,0,1,100,0,0,1,0,0,0,0
u09,0,0,1,100,0,0,1,0,0,0,0
u10,0,0,1,100,0,0,1,0,0,0,0
u11,0,0,1,100,0,0,1,0,0,0,0
u12,0,0,1,100,0,0,1,0,0,0,0
